1452.0
1452.0
1452.0
1452.0
1452.0
1452.0
1452.0
1452.0
1452.0
1452.0
1452.0
1452.0
1452.0
1452.0
1452.0
1452.0
1452.0
1452.0
1452.0
1452.0
1452.0
1452.0
1452.0
1452.0
1452.0
1452.0
1452.0
1452.0
1452.0
1452.0
1452.0
1452.0
1452.0
1452.0
1452.0
1452.0
1452.0
1452.0
1452.0
1452.0
1452.0
1452.0
1452.0
1452.0
1452.0
1452.0
1452.0
1452.0
1452.0
1452.0
1452.0
1452.0
1452.0
1452.0
1452.0
1452.0
1452.0
1452.0
1452.0
1452.0
1452.0
1452.0
1452.0
1452.0
1452.0
1452.0
1452.0
1452.0
1452.0
1452.0
1452.0
1452.0
1452.0
1452.0
1452.0
1452.0
1452.0
1452.0
1452.0
1452.0
1452.0
1452.0
1452.0
1452.0
1452.0
1452.0
1452.0
1452.0
1452.0
1452.0
1452.0
