1227.0
1227.0
1227.0
1227.0
1227.0
1227.0
1227.0
1227.0
1227.0
1227.0
1227.0
1227.0
1227.0
1227.0
1227.0
1227.0
1227.0
1227.0
1227.0
1227.0
1227.0
1227.0
1227.0
1227.0
1227.0
1227.0
1227.0
1227.0
1227.0
1227.0
1227.0
1227.0
1227.0
1227.0
1227.0
1227.0
1227.0
1227.0
1227.0
1227.0
1227.0
1227.0
1227.0
1227.0
1227.0
1227.0
1227.0
1227.0
1227.0
1227.0
1227.0
1227.0
1227.0
1227.0
1227.0
1227.0
1227.0
1227.0
1227.0
1227.0
1227.0
1227.0
1227.0
1227.0
1227.0
1227.0
1227.0
1227.0
1227.0
1227.0
1227.0
1227.0
1227.0
1227.0
1227.0
1227.0
1227.0
1227.0
1227.0
1227.0
1227.0
1227.0
1227.0
1227.0
1227.0
1227.0
1227.0
1227.0
1227.0
1227.0
1227.0
